1000 6 1 5 1000 1000
6 1000 5 1000 3 1000
1 5 1000 5 6 4
5 1000 5 1000 1000 2
1000 3 6 1000 1000 6
1000 1000 4 2 6 1000


100 7 100 5 100 100 100
7 100 8 9 7 100 100
100 8 100 100 5 100 100
5 9 100 100 15 6 100        实验第一个实例图
100 7 5 15 100 8 9
100 100 100 6 8 100 11
100 100 100 100 9 11 100




100 10 100 100 100 11 100 100 100
10 100 18 100 100 100 16 100 12
100 18 100 22 100 100 100 100 8
100 100 22 100 20 100 24 16 21
100 100 100 20 100 26 100 7 100
11 100 100 100 26 100 17 100 100
100 16 100 24 100 17 100 19 100
100 100 100 16 7 100 19 100 100
100 12 8 21 100 100 100 100 100